1003334
1004153
1006998
1009410
1010249
1011300
1016153
1021906
1023927
1030701
1034169
1034740
1037074
1039949
1044838
1044889
1050925
1052441
1053231
1056254
1056652
1057452
1064953
1065890
1066854
1070108
1079626
1080453
1083699
1085796
1085919
1088847
1095641
1096750
1097278
1099656
1099780
1101143
1103645
1103778
1105833
1109964
1113923
1116300
1116695
1117081
1117594
1119588
1121051
1121085
1122219
1128427
1130919
1135783
1137095
1141585
1147488
1149920
1154085
1155084
1157153
1171084
1171160
1177197
1178182
1183156
1185069
1185159
1189524
1193909
1194889
1203632
1204152
1206212
1206268
1206936
1209219
1217809
1218043
1218085
1218257
1222683
1222921
1223639
1224141
1224232
1226634
1229119
1231342
1233733
1234880
1239805
1245407
1249543
1249902
1249953
1250365
1252668
1254955
1255383
1256136
1259492
1259635
1259937
1263735
1265073
1265910
1267048
1272985
1280251
1280716
1288330
1289903
1290892
1304122
1306247
1309736
1315152
1318716
1322170
1325305
1326131
1326415
1327946
1328143
1334824
1336776
1340254
1342424
1346008
1352851
1354288
1356563
1356798
1356999
1357807
1358567
1361863
1362542
1362859
1364777
1364922
1366629
1368253
1370805
1371214
1373229
1374075
1377798
1378707
1383664
1389050
1390425
1391827
1393367
1401749
1403051
1404276
1409018
1412596
1416462
1416520
1418707
1421127
1421622
1422324
1423875
1431876
1436631
1437473
1437523
1437855
1438310
1439810
1448069
1448165
1449413
1462225
1463310
1464867
1476671
1478548
1478815
1483421
1483971
1484393
1487437
1487860
1487914
1489680
1498823
1504109
1504346
1506823
1507351
1507440
1511465
1512432
1514686
1515620
1515702
1516507
1519254
1521197
1524234
1527216
1528547
1530434
1535164
1538320
1539522
1543470
1551514
1551799
1553431
1558393
1558454
1561359
1562487
1564455
1565208
1566397
1567373
1568065
1569272
1577623
1580372
1587814
1587987
1588123
1588624
1589345
1593716
1594872
1597286
1598854
1602470
1603358
1604118
1607545
1607820
1608835
1611698
1614769
1617534
1617865
1620713
1623931
1624666
1631011
1632991
1637316
1641816
1644834
1645377
1651324
1653615
1660578
1661489
1661548
1663223
1663282
1665418
1668861
1668953
1670276
1676111
1676720
1679009
1680108
1680222
1680780
1680813
1681658
1686050
1686220
1687116
1691349
1692295
1695590
1699209
1700469
1700948
1704920
1706384
1707649
1708508
1709472
1710580
1714676
1716388
1726885
1727450
1729585
1732993
1738326
1739236
1759604
1763554
1763896
1766722
1771717
1773470
1774513
1776901
1777986
1781562
1782686
1786829
1787430
1788480
1788513
1788924
1789048
1790075
1791153
1791518
1793343
1795463
1795578
1796300
1796853
1796922
1798155
1808448
1809304
1815662
1819799
1820729
1821670
1825339
1827987
1829469
1830583
1840418
1858831
1860382
1860494
1862499
1863074
1863333
1864955
1867736
1872594
1874783
1875681
1878164
1879020
1879319
1881249
1884340
1884405
1885742
1891879
1892171
1894104
1895758
1896120
1897152
1898979
1900448
1902496
1905897
1908988
1911064
1911894
1913356
1913865
1915402
1917455
1919369
1920822
1923302
1924266
1925762
1929009
1933035
1933379
1935804
1936840
1937366
1941413
1944872
1954496
1957955
1959199
1960322
1964067
1964628
1975702
1978021
1978296
1985202
1986037
1986295
1988220
1991473
1993701
1994037
1995446
1998367
1998806
1999570
2000651
2004646
2005368
2005799
2009815
2010519
2010850
2012465
2012966
2014660
2016787
2018184
2018508
2020121
2021437
2023710
2031308
2034554
2039263
2039675
2042439
2043163
2044007
2048276
2049400
2049991
2050879
2051991
2052067
2052541
2053243
2056440
2058370
2062506
2062568
2066149
2067650
2068645
2069911
2073502
2078649
2080863
2082014
2083543
2087102
2089676
2091676
2097482
2098766
2101245
2110365
2111159
2116766
2121847
2125217
2126549
2128441
2136577
2138091
2140042
2141803
2145460
2147022
2148804
2150024
2150687
2151451
2152934
2156378
2158325
2167121
2173178
2176392
2177741
2179390
2180956
2185093
2186880
2191206
2194984
2199469
2200645
2201690
2202796
2203790
2207269
2211465
2211738
2212328
2212816
2216125
2221445
2221972
2226340
2228584
2228986
2229830
2237999
2238200
2240112
2241052
2241791
2244602
2254620
2255942
2256884
2258830
2262456
2266084
2268685
2269293
2271053
2271708
2274568
2277103
2284947
2288756
2291980
2292968
2296242
2297555
2297784
2299796
2302969
2303998
2310055
2310638
2312156
2317655
2317775
2318295
2322607
2323221
2324486
2325904
2330079
2337886
2344268
2345231
2351209
2356286
2357297
2357846
2358896
2360571
2360655
2365614
2369533
2373397
2373446
2374048
2382069
2383190
2392074
2392099
2396433
2401284
2402927
2405984
2406693
2407204
2407367
2408025
2411948
2417816
2421248
2426911
2433034
2434731
2437962
2442287
2442642
2445443
2447326
2449574
2452153
2452566
2457706
2458388
2468384
2469400
2472853
2477137
2479091
2482942
2485043
2490337
2491168
2492946
2493359
2497046
2499512
2502777
2502798
2502983
2504363
2509412
2511450
2514387
2519930
2528793
2529954
2538143
2540396
2543131
2546294
2546326
2546424
2547646
2548098
2549120
2549404
2549703
2549966
2557709
2563260
2565124
2566542
2568187
2569236
2572217
2574916
2575642
2576011
2577894
2578341
2580743
2583590
2589981
2595056
2596061
2601084
2601285
2602200
2606102
2607727
2611868
2614611
2618897
2619084
2620953
2624169
2628526
2629054
2631893
2633799
2635627
2635653
2639697
2641698
2648564
2654965
2663332
2665742
2669714
2674945
2684757
2687654
2695974
2696059
2699736
2700837
2700913
2704584
2707068
2710924
2716153
2716529
2717266
2720966
2721429
2723165
2725576
2727658
2733447
2735851
2737738
2739872
2741808
2742055
2742198
2746114
2749145
2753098
2753284
2753740
2759460
2760030
2760511
2760935
2766642
2768763
2772981
2773060
2773118
2775841
2779891
2782640
2793308
2794733
2799516
2803908
2804206
2804907
2804983
2806367
2808829
2816649
2818590
2823821
2826291
2832048
2832547
2840290
2845873
2847965
2851748
2869017
2869076
2876584
2885861
2889445
2894824
2895655
2905860
2907777
2922360
2924517
2927985
2929902
2930290
2933854
2940589
2942304
2944130
2945799
2947227
2955717
2960002
2963853
2966312
2967344
2967877
2970151
2971396
2973624
2974161
2975983
2978684
2979184
2981060
2984620
2985599
2988476
2989246
2995731
2995859
2998567
2999272
3003519
3005404
3011413
3017199
3020443
3024282
3029149
3030022
3033470
3044516
3047608
3059369
3060344
3061563
3063265
3065024
3065800
3066699
3068209
3069917
3071745
3071852
3072509
3072695
3073207
3075879
3076948
3079377
3083745
3085068
3089540
3089553
3095606
3095685
3096879
3098948
3100635
3105773
3115885
3116616
3123627
3128834
3129802
3129945
3130356
3130513
3131334
3134697
3135732
3138347
3142136
3143856
3146820
3147315
3147504
3149232
3149347
3151069
3152023
3155239
3163551
3166197
3166499
3171021
3171189
3172283
3172339
3174801
3176941
3179231
3179589
3180633
3184648
3184875
3186121
3191006
3192362
3193764
3195076
3196971
3199277
3202548
3208094
3209451
3214581
3216126
3216317
3220513
3222337
3223444
3231616
3233475
3236889
3237233
3245747
3246704
3252639
3254741
3255030
3256913
3259078
3259280
3266454
3269245
3269687
3270467
3271808
3273271
3278009
3278607
3280682
3281183
3295774
3297818
3301329
3304390
3304574
3304900
3305892
3306750
3311256
3316277
3319915
3326245
3328700
3328755
3331513
3331773
3332168
3336055
3336760
3341274
3341530
3346065
3348109
3351998
3353431
3356049
3360577
3368928
3368987
3369362
3369370
3369697
3373729
3375192
3375242
3377227
3379452
3382691
3385492
3385897
3386494
3387380
3389288
3394661
3406076
3406196
3406949
3407391
3417008
3420667
3422119
3423353
3427194
3430186
3430834
3432460
3434682
3438407
3440265
3444921
3446269
3449685
3451589
3452433
3457599
3460616
3465032
3465048
3470648
3475814
3477601
3478630
3478768
3484180
3484259
3486671
3489687
3495031
3500379
3501235
3506666
3507687
3508909
3511887
3511933
3513722
3516268
3530348
3532957
3538791
3539554
3542503
3543010
3546393
3549431
3556552
3557115
3559514
3569437
3571591
3573389
3576076
3576252
3576726
3577919
3580545
3584547
3585198
3585667
3591590
3596565
3605203
3605699
3605921
3611407
3614337
3620337
3622319
3625376
3629116
3630592
3632354
3633357
3635400
3635572
3637811
3638073
3638907
3640620
3642032
3643233
3645255
3646386
3647535
3653618
3661062
3661086
3667480
3668564
3672033
3673537
3676944
3677592
3679166
3681028
3682220
3685064
3690763
3691377
3693508
3696268
3699179
3701346
3701419
3712626
3715531
3715610
3719154
3725393
3726704
3737869
3743419
3744539
3744564
3747016
3754171
3773588
3774367
3776990
3779979
3780099
3781897
3785657
3786753
3792047
3792160
3795109
3795806
3797287
3801089
3805657
3805910
3818554
3819725
3820444
3820629
3820885
3823279
3824341
3824700
3825594
3827335
3830657
3836075
3839731
3840810
3842237
3842411
3842853
3842888
3843121
3844764
3850222
3850577
3853875
3855107
3855816
3856670
3859973
3868884
3871627
3885648
3897715
3900435
3900955
3908137
3909380
3911517
3914058
3914498
3914600
3916048
3916584
3925031
3925467
3925509
3927076
3932961
3936712
3946598
3949387
3952287
3961900
3962547
3967455
3968003
3968951
3980799
3988399
3997105
3999687
4000513
4000792
4005364
4006365
4010178
4010694
4010944
4018791
4020081
4023660
4024511
4028990
4029290
4032125
4039228
4040708
4049292
4050765
4053698
4058063
4059859
4060616
4065289
4065341
4070570
4070783
4076223
4077431
4079845
4086513
4087846
4090357
4091601
4095983
4097365
4100700
4108294
4111441
4121606
4127770
4133944
4135224
4139757
4141046
4141405
4144747
4147636
4148191
4148265
4149799
4151028
4155163
4158534
4159025
4166313
4169058
4169809
4174069
4176441
4181424
4185114
4192258
4193029
4198891
4200904
4206096
4206913
4208501
4209263
4211734
4212390
4213811
4218895
4219947
4223764
4229191
4230098
4230231
4235147
4241953
4242886
4244786
4246615
4248101
4249541
4255580
4256376
4260069
4263656
4264155
4264197
4267106
4269949
4272570
4273125
4277134
4281062
4281641
4285331
4286385
4292719
4293528
4293630
4294965
4310007
4312310
4314975
4316197
4317203
4322707
4326224
4333334
4334377
4338515
4342647
4344227
4344948
4347209
4351498
4352653
4361165
4363386
4366664
4369897
4370073
4371857
4382984
4384523
4387716
4389204
4389820
4396703
4397976
4399896
4401859
4408710
4409298
4417096
4417507
4418949
4425082
4426460
4432862
4433074
4436500
4437427
4438128
4439195
4445890
4447124
4447630
4448687
4450037
4450903
4451355
4456323
4457100
4458225
4458836
4461111
4466234
4471299
4476100
4477091
4483800
4485997
4487854
4489382
4491856
4493255
4496907
4497756
4497899
4504356
4507304
4510573
4511366
4512181
4514241
4515189
4521743
4522635
4525042
4530050
4538140
4538661
4540611
4543429
4550210
4558098
4560184
4561596
4561817
4572308
4572984
4574791
4575828
4583578
4585471
4586876
4586992
4588170
4589999
4591220
4591922
4592676
4594880
4596032
4597142
4601124
4603945
4608010
4609679
4615968
4620151
4622706
4622743
4622866
4622991
4624006
4624432
4630667
4630899
4633725
4634292
4634546
4635298
4638989
4641376
4646748
4651671
4652863
4653231
4665875
4666642
4668011
4668046
4669220
4670186
4673557
4673965
4675747
4678266
4680453
4685376
4693099
4698686
4698896
4701960
4702512
4705010
4705918
4706869
4707868
4711932
4712582
4713716
4715392
4725240
4726859
4730678
4736458
4736796
4736886
4738460
4743082
4745468
4750702
4752636
4761657
4767354
4784322
4788065
4789459
4792051
4796352
4796708
4797937
4799971
4804991
4807719
4807772
4811255
4811306
4813897
4817185
4818513
4821039
4825343
4835985
4839049
4842174
4842882
4845567
4847732
4847834
4855399
4858509
4858741
4858983
4859869
4861283
4866348
4867140
4869281
4869402
4870733
4876368
4876654
4881919
4882130
4884440
4886195
4887040
4890008
4890383
4893218
4894968
4895054
4896159
4900205
4900620
4903270
4904263
4906416
4913870
4914299
4916810
4920693
4921091
4921289
4926378
4933365
4934172
4939701
4940425
4945258
4945315
4948026
4948217
4948579
4952717
4953922
4960326
4962280
4962953
4967629
4969696
4971130
4973314
4976602
4978509
4986694
4989632
4992005
4995507
4996794
4998136
4998750
4999531
5004969
5007312
5010707
5013238
5017565
5018288
5018991
5019810
5020084
5021348
5022177
5023469
5025724
5026210
5029718
5030358
5030677
5033483
5035683
5039885
5042296
5056070
5058335
5058903
5064948
5065417
5067331
5071401
5071934
5071969
5072275
5072485
5073581
5077189
5077572
5078450
5079922
5082514
5087685
5088787
5089400
5107993
5110247
5112127
5112398
5113257
5116992
5118371
5128476
5133625
5136657
5139809
5141469
5143802
5145495
5147432
5153358
5156431
5159301
5159823
5160336
5162626
5166971
5169536
5170648
5170824
5171613
5187549
5196538
5203513
5206185
5207296
5209695
5215316
5216506
5217279
5230890
5231007
5236837
5239081
5241047
5243389
5244194
5249049
5252943
5253759
5261169
5264557
5267885
5270566
5272391
5273370
5275779
5277722
5279725
5281157
5281660
5282535
5284731
5285649
5286821
5287797
5288428
5289982
5293776
5294082
5295125
5295390
5297809
5298387
5302646
5306011
5312869
5314781
5316824
5318423
5321971
5327255
5328723
5329906
5334718
5337140
5337769
5341257
5341859
5344258
5345494
5346940
5352316
5353409
5357310
5362118
5365937
5369948
5370756
5371072
5372608
5381127
5382154
5388606
5389228
5396460
5402148
5403904
5404021
5410392
5410822
5411226
5416189
5417539
5431285
5434260
5436025
5436742
5438543
5440192
5441540
5443661
5443835
5447075
5448850
5449198
5455768
5460007
5462519
5474485
5474742
5475594
5482964
5483103
5485703
5490152
5490469
5494067
5494075
5496646
5499955
5502687
5502937
5506758
5508724
5509870
5510696
5510750
5515541
5517205
5521635
5521732
5524372
5531824
5531998
5537880
5544129
5548835
5554687
5555063
5555726
5561806
5564845
5568754
5571566
5573632
5579120
5586812
5586955
5591915
5600973
5605840
5607547
5609213
5609557
5611291
5612935
5615698
5616924
5619656
5621948
5627578
5632104
5632760
5636559
5641087
5644098
5644181
5644511
5648784
5648946
5650388
5662513
5666851
5668909
5669123
5669209
5674628
5674943
5676858
5678654
5680229
5680503
5683454
5685379
5686465
5691888
5695067
5696505
5696742
5699677
5699794
5703038
5704474
5710789
5718650
5719722
5719930
5726091
5728159
5733403
5734153
5739004
5740968
5748643
5749642
5751272
5752729
5753995
5754839
5755325
5756419
5758866
5766784
5767557
5768489
5770662
5771668
5777536
5782703
5783862
5784258
5788226
5789692
5804302
5808846
5811474
5812232
5813544
5815112
5818566
5819792
5822480
5822491
5823550
5825098
5829939
5830700
5832065
5832169
5834770
5837129
5838777
5840380
5842115
5848660
5855003
5862038
5862162
5866351
5871258
5879464
5880165
5886528
5894976
5897551
5900200
5901022
5903674
5907011
5908189
5909964
5912574
5913173
5916517
5916716
5921615
5925091
5926097
5926594
5927119
5927853
5930247
5935394
5939424
5942612
5943007
5944096
5944522
5945400
5946597
5951912
5955251
5956197
5959648
5959977
5960350
5961488
5962888
5966434
5967571
5967891
5972663
5981572
5983922
5985305
5988711
5988950
5991821
5993794
5997885
5999924
6000624
6004771
6005125
6008882
6009377
6012374
6016972
6017505
6019028
6021840
6023352
6023721
1000223
1004076
1008848
1010463
1012745
1014099
1015327
1020293
1021565
1022455
1022528
1023787
1026354
1028629
1029514
1029982
1030177
1035599
1038911
1041552
1042940
1045918
1046052
1046114
1046687
1048420
1052314
1057101
1057974
1058192
1060065
1060247
1067413
1068693
1069279
1074202
1078753
1080213
1081697
1082301
1086487
1092348
1092380
1093790
1094618
1095103
1098135
1098633
1099327
1100379
1101061
1101553
1102729
1105715
1107038
1107315
1108572
1109000
1110800
1110906
1112367
1116840
1117861
1122459
1123181
1124108
1127342
1129806
1132275
1136112
1140017
1149628
1151937
1154110
1157443
1159213
1160858
1162073
1166175
1166190
1167746
1173978
1174527
1182075
1182133
1184246
1187199
1187578
1198622
1200717
1201398
1202277
1204556
1205122
1205865
1206827
1216805
1224646
1225056
1233934
1238130
1238675
1240427
1240998
1248413
1254583
1258092
1259754
1260669
1263744
1264476
1265397
1266461
1267674
1268163
1268812
1273888
1275512
1276402
1277158
1278678
1280031
1283991
1287456
1289183
1291578
1293410
1295164
1304417
1310032
1311883
1312292
1321535
1322121
1329376
1333847
1334998
1335362
1340276
1340495
1348731
1351102
1355012
1355432
1355705
1363734
1364704
1365862
1369217
1378464
1378632
1379389
1381749
1383639
1387103
1395075
1396781
1400606
1411136
1416081
1430060
1430297
1430337
1438426
1439263
1444711
1450191
1452937
1455280
1459753
1460704
1461886
1467176
1476555
1484898
1488618
1489609
1491533
1493473
1493693
1493979
1500700
1501594
1504117
1509881
1511179
1511540
1513479
1524663
1526418
1531975
1539282
1539390
1541261
1543392
1544107
1547518
1549508
1550638
1555583
1563226
1567787
1572550
1573578
1576564
1579411
1582965
1586584
1586645
1589847
1590757
1592800
1597581
1601771
1604676
1605613
1607027
1608781
1610346
1611818
1614970
1617214
1617372
1617696
1618362
1618681
1619715
1620252
1627192
1628294
1628888
1630588
1630929
1635548
1636753
1638176
1638303
1640049
1640501
1641718
1643808
1647576
1649618
1651117
1652164
1653491
1658089
1658302
1658881
1660526
1670899
1671105
1673207
1674169
1676014
1676307
1678208
1678257
1678262
1680090
1680855
1682180
1685967
1701037
1708680
1712347
1712638
1712735
1716644
1716660
1717375
1720105
1727530
1729097
1730365
1736199
1736463
1739776
1740004
1743037
1745131
1747138
1750747
1757348
1757575
1761519
1763018
1765433
1771003
1773787
1778673
1778885
1779415
1781427
1781722
1782101
1783236
1783897
1786152
1786374
1787137
1787588
1789986
1798004
1798901
1801625
1804231
1808085
1810349
1810655
1811504
1812095
1812884
1813254
1816077
1816205
1817140
1818096
1818510
1821961
1822471
1824848
1830806
1832157
1832577
1835719
1836916
1838143
1840024
1840656
1846662
1848944
1849984
1850811
1855694
1856757
1857222
1861462
1862821
1870782
1870896
1871325
1871499
1877885
1879295
1882588
1882891
1885683
1889507
1892658
1894756
1894760
1895278
1897963
1900671
1903265
1904441
1915783
1918985
1921549
1922029
1936251
1944584
1954508
1956881
1959990
1961877
1961946
1962697
1968343
1974974
1979055
1983314
1986199
1989842
1990120
1991826
1992095
1996620
1999453
2004787
2007014
2007227
2011221
2011615
2016384
2020315
2027291
2030281
2033115
2033921
2036176
2044423
2053888
2053936
2059606
2062585
2063049
2065058
2070267
2070566
2071719
2074574
2074618
2074981
2076257
2077654
2078285
2084705
2087622
2090414
2090744
2091609
2095064
2095204
2098286
2102706
2104425
2109453
2111373
2113430
2113984
2116542
2116597
2117609
2117904
2120574
2124485
2124547
2125611
2125988
2133623
2135074
2136429
2143577
2143776
2145868
2148792
2156695
2159083
2160889
2161626
2162463
2166117
2167003
2167748
2170264
2177576
2178663
2180808
2182485
2184638
2185035
2185557
2187049
2188881
2190425
2198276
2200844
2202552
2204733
2206214
2208695
2210131
2211194
2216303
2216352
2216762
2220160
2222104
2223383
2227820
2229161
2229705
2231068
2235592
2235645
2244387
2249035
2249758
2250719
2252119
2264720
2266840
2266983
2268474
2275439
2284314
2289932
2294949
2295408
2300396
2302510
2307940
2315027
2318639
2318773
2320332
2322658
2326588
2328133
2328299
2331853
2332200
2339014
2341370
2344765
2346456
2347003
2348917
2349305
2349543
2349611
2352354
2360287
2364731
2368346
2372405
2373438
2375845
2381895
2385918
2387510
2388252
2391792
2391898
2393065
2393771
2397798
2402675
2404001
2408091
2408860
2410265
2411909
2414238
2414699
2414856
2417696
2421638
2422292
2422637
2423553
2428840
2429530
2429709
2433130
2434136
2435765
2439570
2440528
2446512
2447381
2450637
2450739
2462691
2464825
2472936
2476138
2479406
2479835
2483977
2484310
2488065
2488354
2490676
2492020
2492640
2493860
2494326
2502580
2507984
2509844
2510036
2511979
2513836
2516764
2517275
2517658
2518117
2519093
2525598
2526887
2544630
2545037
2545425
2546704
2554576
2557274
2558215
2560778
2562113
2565768
2568525
2572807
2573954
2574415
2578025
2579841
2580737
2584725
2590972
2591837
2593750
2594280
2595019
2595508
2597481
2600480
2605011
2605748
2607231
2609288
2609665
2610126
2611125
2613020
2619193
2627775
2628500
2632851
2633774
2637069
2638348
2639201
2640472
2645807
2651808
2655083
2655655
2663679
2666130
2666384
2667268
2668129
2669507
2672615
2673406
2676444
2676493
2679280
2691577
2696016
2701829
2703983
2706440
2707432
2709077
2709637
2712570
2715261
2716518
2721541
2722190
2734030
2734332
2735770
2740381
2740411
2741474
2742543
2744617
2745423
2746842
2756421
2757815
2760474
2763773
2764690
2766058
2773811
2775688
2781540
2782270
2783009
2784073
2787776
2789760
2795167
2798888
2806460
2807619
2824003
2824577
2829015
2835213
2836370
2838121
2844879
2845070
2851447
2855268
2855633
2856181
2863090
2863447
2864126
2865684
2870301
2872875
2877715
2878470
2879478
2881264
2881572
2882732
2886691
2887500
2888809
2889041
2891445
2892097
2897795
2899569
2901085
2901491
2903205
2908306
2909843
2910695
2916396
2925606
2929690
2929940
2931756
2932376
2938050
2940266
2948315
2950967
2952965
2957205
2960071
2961469
2961768
2963047
2970697
2974975
2975128
2975489
2978868
2981093
2988990
2991252
2993654
2994682
2995409
2995705
2996759
2997690
2998422
2999058
3000741
3003805
3004521
3005120
3005540
3008518
3008683
3022126
3022332
3025202
3026068
3028517
3029046
3032528
3039609
3041208
3041640
3045844
3053158
3054810
3055019
3059983
3061279
3063039
3073114
3079844
3083269
3084976
3085409
3086187
3088849
3090586
3092360
3096900
3101995
3113011
3116111
3117950
3120956
3124350
3125965
3126201
3126515
3129381
3129446
3129554
3130174
3133298
3135725
3138611
3139202
3146154
3146507
3147431
3148818
3148917
3152100
3155917
3160061
3163225
3166685
3172979
3175254
3176680
3178007
3179821
3186869
3188674
3191020
3199770
3199786
3211283
3211748
3216284
3216821
3218561
3223631
3223708
3225842
3227808
3235845
3239325
3240943
3245372
3245696
3245938
3246633
3247760
3247836
3249880
3260970
3266037
3267440
3269725
3273240
3275459
3279602
3285844
3290944
3291708
3291837
3305751
3311540
3312051
3317780
3317834
3318805
3321727
3325137
3325752
3329581
3330202
3333273
3335238
3337827
3341523
3342698
3343209
3343408
3344183
3344534
3352525
3360024
3360207
3362125
3367276
3371324
3375557
3377641
3380094
3391501
3393237
3395263
3396691
3397233
3397841
3402496
3405038
3405258
3406153
3406683
3408104
3409413
3410098
3410567
3411629
3412316
3414198
3416308
3418601
3418985
3421930
3427973
3429742
3430075
3430943
3431203
3431636
3433852
3435569
3437104
3438205
3443621
3444443
3450815
3454508
3454998
3456754
3460925
3460980
3461597
3464687
3468464
3473341
3476472
3477353
3477855
3484605
3488509
3490465
3493305
3494766
3495730
3495777
3497127
3512507
3520873
3523862
3524855
3528496
3529282
3549920
3554344
3560421
3561982
3562670
3565757
3568653
3569995
3580015
3581641
3593062
3593111
3593604
3594745
3596979
3597163
3597812
3598203
3601718
3603511
3603944
3604195
3604516
3604601
3604881
3605531
3605734
3606433
3609574
3610670
3611041
3611082
3613111
3614278
3620609
3621083
3626148
3626692
3628677
3629964
3633058
3636747
3638355
3640685
3643766
3649031
3654074
3654515
3659086
3660631
3662541
3663066
3663156
3666269
3666904
3667360
3671484
3673280
3676458
3677224
3681521
3682342
3684928
3685558
3685721
3693982
3694850
3698098
3704744
3704793
3714800
3715102
3715127
3716772
3717591
3718150
3718736
3718824
3720108
3726206
3728354
3728552
3730663
3732425
3733054
3736401
3746607
3746661
3749948
3754700
3755329
3761325
3764320
3768054
3769526
3770164
3775519
3775892
3777200
3778251
3779628
3784491
3788997
3789200
3789774
3789930
3790331
3790512
3790964
3792212
3795435
3798513
3799139
3801052
3801780
3804664
3811225
3814561
3818670
3829987
3830554
3832421
3834595
3836748
3838290
3841269
3845900
3847036
3848569
3850842
3853654
3855174
3855526
3858944
3863238
3868497
3873612
3880685
3882610
3882713
3888089
3890718
3892184
3894681
3896518
3897833
3901434
3903983
3908832
3909567
3913375
3914395
3921672
3921780
3922698
3924454
3929811
3932686
3933725
3947428
3948080
3949012
3950706
3953715
3957958
3959583
3961969
3964953
3972926
3974712
3979287
3982286
3982671
3987834
3987943
3988138
3988307
3991594
3992499
3993775
3999763
4000085
4006188
4014263
4017587
4017623
4018466
4018516
4020537
4020689
4025303
4029139
4035335
4036279
4037198
4038317
4042994
4045433
4045675
4048880
4052735
4058742
4061319
4063077
4069311
4071308
4077725
4077943
4078383
4078572
4079988
4086295
4089466
4094924
4095525
4096575
4097645
4106542
4106747
4115552
4117340
4117364
4121637
4123413
4123519
4123593
4125074
4125809
4126274
4127629
4128443
4132137
4135140
4136209
4136495
4136988
4139583
4143165
4143495
4143744
4144578
4145050
4148352
4153754
4157634
4158989
4165747
4169061
4171375
4172683
4174874
4182521
4187753
4190444
4192813
4194025
4194140
4198179
4201219
4201287
4201613
4202578
4208307
4209225
4210994
4211048
4211196
4216686
4217603
4218960
4219235
4220383
4225382
4232828
4235923
4237779
4238364
4240238
4240323
4243655
4244176
4245049
4252768
4253248
4256935
4258015
4271999
4273204
4273510
4275157
4282121
4283532
4287208
4290355
4297163
4297618
4303994
4307151
4307642
4309700
4316849
4320249
4320448
4325222
4325492
4325754
4326377
4333958
4337319
4341063
4341828
4343226
4345569
4347225
4351010
4352898
4353323
4354005
4355155
4355407
4356487
4361081
4365103
4366766
4373544
4376473
4377795
4378921
4381526
4384687
4387156
4393432
4397677
4398660
4401051
4401107
4401639
4404582
4407657
4409277
4409955
4411077
4412449
4414904
4416912
4419295
4420394
4421832
4422199
4426618
4426885
4427046
4430398
4438378
4439149
4439748
4440436
4442224
4442933
4443989
4445044
4446045
4446876
4448450
4448656
4451670
4454876
4459556
4464289
4471541
4472682
4472818
4478346
4478558
4478795
4481488
4484796
4505614
4506205
4506814
4516145
4522133
4522283
4523424
4525624
4531849
4535007
4536046
4536725
4537039
4540646
4544247
4546616
4547502
4550258
4553200
4554481
4557318
4560351
4562208
4568103
4568253
4571270
4572711
4581064
4584198
4593027
4593216
4594185
4594681
4595170
4601455
4602302
4605449
4607463
4608061
4610037
4612242
4614083
4616949
4617740
4619426
4622167
4629131
4635125
4639359
4641511
4644562
4644710
4646222
4650519
4652711
4653524
4654994
4658440
4661216
4667587
4668149
4668283
4669172
4675262
4681074
4687302
4688659
4691276
4695818
4701391
4701727
4711240
4711847
4713144
4715331
4719436
4722821
4723775
4725358
4728475
4729222
4731763
4734766
4735657
4737887
4742321
4750461
4750901
4753051
4755890
4756099
4757146
4758484
4760145
4760409
4762916
4765656
4766412
4771811
4777137
4780530
4781819
4788575
4790131
4793713
4795065
4805664
4812999
4813222
4814325
4814567
4814715
4815148
4819140
4819290
4821002
4822102
4822957
4828371
4834848
4839818
4842534
4844326
4848288
4848805
4849104
4849551
4853634
4857147
4863013
4864051
4869306
4870522
4873313
4878992
4880517
4880839
4890706
4894418
4894937
4895529
4896318
4896579
4898343
4901837
4904248
4904457
4910829
4911037
4916690
4920484
4922926
4924560
4930783
4939013
4944349
4947016
4954592
4954726
4963345
4971347
4976037
4976729
4978662
4985489
4990055
4996345
4997825
4998037
4999887
5006233
5011151
5016002
5017450
5017813
5019845
5022675
5025966
5026748
5027064
5028365
5029335
5035713
5042478
5042954
5051192
5051867
5053353
5055117
5055561
5057386
5058534
5060089
5062002
5063508
5066084
5066961
5067042
5067078
5069036
5069143
5070077
5070987
5080664
5082586
5086781
5087895
5087987
5088165
5091014
5095744
5097877
5102846
5104947
5106485
5109948
5113924
5113946
5122092
5129398
5132631
5134124
5135319
5135542
5135903
5136128
5137568
5139848
5141264
5141641
5141948
5146439
5151169
5160062
5173726
5177327
5181392
5181883
5182643
5186766
5193263
5198064
5198510
5201298
5206681
5210322
5210604
5216537
5218044
5218368
5218663
5221607
5226777
5226840
5231588
5232051
5232183
5232750
5237855
5241576
5242019
5242783
5242811
5244746
5245388
5249469
5250040
5251288
5257555
5257581
5260467
5269653
5270778
5271652
5272142
5276037
5284671
5290611
5300084
5307148
5312089
5318256
5318697
5320872
5320893
5323256
5325909
5326480
5326729
5327811
5327890
5329149
5332086
5332954
5334792
5335657
5336919
5337755
5338820
5339402
5342219
5343637
5344754
5345566
5348471
5356825
5356880
5357560
5367422
5368042
5371312
5384909
5388679
5391465
5392938
5395620
5401080
5404481
5404818
5405946
5406888
5408796
5409404
5410667
5413274
5414771
5415204
5415472
5422742
5425562
5427190
5427358
5434876
5437247
5438495
5441929
5445023
5446837
5452016
5452380
5452499
5461210
5468733
5471227
5477975
5478634
5478973
5480936
5481919
5490215
5493764
5497580
5502776
5503119
5507409
5510597
5516412
5517987
5518551
5519111
5523836
5524773
5528812
5532446
5534142
5538640
5545642
5547311
5547749
5549705
5550866
5551718
5554046
5557548
5560524
5560727
5560753
5565710
5567322
5569342
5571290
5573394
5574434
5578895
5579703
5582653
5584888
5593185
5597001
5598580
5599878
5603495
5605670
5608894
5618509
5618815
5619075
5621307
5621383
5622157
5622881
5624700
5630662
5637015
5641105
5646866
5648387
5654086
5654296
5657408
5657735
5661947
5666770
5668768
5672074
5673753
5681561
5682063
5691662
5693346
5695222
5695577
5699288
5703813
5709203
5710775
5714107
5721438
5723820
5724596
5727218
5730885
5733815
5738272
5741683
5748126
5749083
5753365
5753893
5757261
5758008
5762016
5762407
5778290
5781161
5784283
5810871
5813138
5814337
5819784
5819830
5823674
5824782
5824840
5829915
5832956
5834176
5836830
5841132
5844182
5850750
5855396
5861560
5871157
5872768
5873512
5877382
5879415
5880217
5880585
5883780
5884886
5887404
5889636
5889835
5896580
5897225
5903819
5909836
5913281
5917449
5920322
5924523
5926899
5927092
5927378
5928632
5930284
5931894
5932406
5934594
5934793
5938577
5941689
5953350
5955294
5957196
5957485
5957962
5958346
5958456
5962018
5967502
5969645
5974045
5974876
5975619
5976769
5978585
5978858
5989668
5990741
5992000
5993737
5993954
5996979
5998164
5998674
6001977
6003530
6006593
6013414
6018311
6019680
6023666
